% Sequência de exemplo (você pode substituir pelos seus dados)
x = [1.510253, 1.981698, 1.606352, 1.649662, 1.696502, 1.701985, 1.854814, 1.508210, 1.746052, 1.646998, 1.492772, 1.780049, 1.740446, 1.601735, 1.725996, 1.711367, 1.621736, 1.742503, 1.638548, 1.756252, 1.683909, 1.665964, 1.855409, 1.692655, 1.694468, 1.466884, 1.754118, 1.562863, 1.396572, 1.829520, 1.700925, 1.579728, 1.792226, 1.654827, 1.554822, 1.716278, 1.710166, 1.497231, 1.870900, 1.692860, 1.150165, 1.907091, 1.667856, 1.369591, 1.715641, 1.637657, 1.421331, 1.864263, 1.646058, 1.989270, 1.765615, 1.716042, 2.076676, 1.516775, 1.705228, 1.311792, 1.697697, 1.646200, 1.799136, 1.759035, 1.700275, 2.092887, 1.637046, 1.711296, 1.644403, 1.904661, 1.676492, 2.141738, 2.022051, 1.679862, 1.607534, 1.591780, 1.682028, 2.044624, 1.764168, 1.693776, 1.753063, 1.943963, 1.667450, 1.558874, 1.997926, 1.623825, 2.002704, 1.575500, 1.709984, 2.138236, 1.662391, 1.707262, 1.815059, 1.918063, 1.653302, 1.861273, 1.783851, 1.670572, 1.791540, 1.894822, 1.649210, 1.857447, 1.596307, 1.708376, 1.769080, 1.993185, 1.626858, 1.654832, 1.936741, 1.630206, 1.785351, 2.036223, 1.614253, 1.909366, 1.804014, 1.668011, 1.686069, 1.914325, 1.631709, 1.823313, 1.690671, 1.684809, 1.748578, 1.945035, 1.622788, 1.745148, 1.681531, 1.688701, 1.679582, 2.050858, 1.591866, 1.714574, 1.500125, 1.720857, 1.493681, 2.140620, 1.574423, 1.590042, 1.912930, 1.607987, 1.703856, 1.684508, 1.707912, 1.679739, 2.088264, 1.590982, 1.710980, 1.775891, 1.680298, 1.663789, 1.793871, 1.694378, 1.748600, 1.917263, 1.644531, 1.706828, 1.941205, 1.634957, 1.706546, 1.694158, 1.852034, 1.736610, 1.786448, 1.642029, 1.604578, 1.804814, 1.716457, 1.701866, 1.654551, 1.815775, 1.695979, 1.981080, 1.788204, 1.701854, 1.757714, 1.764867, 1.693109, 1.887838, 1.700560, 1.699993, 1.767356, 1.990084, 1.691797, 1.835113, 2.005263, 1.681613, 1.659189, 1.901755, 1.665632, 1.773912, 1.737479, 1.682359, 1.904750, 1.724825, 1.686604, 2.006091, 1.891305, 1.692941, 1.949538, 1.691304, 1.692878, 2.009777, 2.092228, 1.660524, 1.938501, 1.525378, 1.709794, 1.702737, 1.977510, 1.646207, 1.939027, 1.619314, 1.701826, 1.771614, 1.647010, 1.680499, 1.899621, 1.823034, 1.663761, 1.864538, 1.915363, 1.651860, 1.729974, 1.938439, 1.626543, 2.028756, 2.072977, 1.629853, 1.828578, 1.926051, 1.629645, 2.024612, 1.728859, 1.691875, 1.993260, 2.023354, 1.618881, 1.842756, 2.119646, 1.596087, 1.835765, 1.889099, 1.637963, 1.835070, 2.221743, 1.565322, 2.073165, 1.859994, 1.658155, 1.614703, 2.415875, 1.500268, 1.962463, 2.075037, 1.612575, 1.819160, 2.335463, 1.541283, 1.716667, 2.450303, 1.515473, 1.854746, 2.006143, 1.640613, 1.717631, 1.839265, 1.687415, 1.778348, 2.030902, 1.646833, 1.764949, 2.233944, 1.576571, 1.755492, 2.141851, 1.699180, 1.826162, 2.225349, 1.625605, 1.775420, 2.239619, 1.717809, 1.788306, 1.830902, 1.704171, 1.674387, 1.904713, 1.879436, 1.721497, 1.867227, 1.837667, 1.729348, 1.946814, 2.010298, 1.718212, 1.515527, 1.994216, 1.676446, 2.242609, 1.880472, 1.723986, 2.173256, 1.950946, 1.745683, 1.959353, 1.753268, 1.679356, 1.988432, 1.812146, 1.700050, 2.153475, 1.807010, 1.689499, 1.997420, 1.685927, 1.694263, 1.879603, 2.033386, 1.639105, 2.145795, 1.877835, 1.684296, 1.877569, 2.147838, 1.613266, 2.090118, 2.064213, 1.653773, 1.859561, 2.023824, 1.626689, 2.246985, 1.933940, 1.674347, 2.127611, 1.985183, 1.642684, 1.786291, 2.498696, 1.540698, 1.969759, 1.677506, 1.686966, 1.921962, 2.067640, 1.623090, 1.855811, 1.731299, 1.670756, 1.799514, 1.996959, 1.621084, 2.056695, 2.111307, 1.601950, 1.840311, 1.747700, 1.667084, 1.718500, 2.757211, 1.444214, 1.831637, 2.294498, 1.531572, 2.018950, 1.681285, 1.698740, 1.949938, 2.163711, 1.578698, 1.910357, 2.203205, 1.567132, 1.868058, 2.476304, 1.507242, 1.894439, 2.127159, 1.581545, 1.910062, 2.449541, 1.552271, 1.830109, 1.994755, 1.636119, 1.958283, 1.208323, 1.924847, 1.716951, 2.101531, 1.642835, 1.816077, 2.151234, 1.740499, 1.795499, 1.924704, 1.742717, 1.759151, 1.580352, 1.892817, 1.717115, 2.137274, 1.830438, 1.825358, 2.441960, 1.639564, 1.744307, 1.981361, 1.860044, 1.755564, 2.465455, 1.860754, 1.762916, 2.293120, 1.864231, 1.742743, 2.178421, 1.914745, 1.713339, 2.085093, 1.923332, 1.712338, 2.430026, 1.642668, 1.742896, 1.999464, 2.034866, 1.679626, 2.168392, 1.775771, 1.694651, 2.262047, 2.054177, 1.688692, 2.125444, 1.885880, 1.673849, 2.069145, 1.886290, 1.678844, 1.827741, 2.063436, 1.634634, 1.890225, 1.843169, 1.659646, 1.927722, 2.105659, 1.617561, 2.092508, 2.316106, 1.594424, 2.201309, 1.871577, 1.671026, 1.912903, 2.253780, 1.583850, 1.907921, 1.832589, 1.663576, 1.978009, 2.360122, 1.555379, 1.846316, 1.963706, 1.629502, 2.051651, 2.439993, 1.524899, 1.909856, 2.008375, 1.627062, 2.054757, 2.191947, 1.574287, 2.041349, 1.943051, 1.642581, 1.891949, 2.103091, 1.582562, 1.935201, 1.806782, 1.661732, 1.924380, 2.045065, 1.618064, 1.950461, 1.865928, 1.651310, 1.823402, 2.236189, 1.580059, 1.727266, 2.308467, 1.542063, 1.873159, 2.246388, 1.588835, 1.850973, 2.225370, 1.601673, 1.920342, 2.487056, 1.624670, 1.848391, 2.359476, 1.611302, 1.809803, 1.926449, 1.743983, 1.768224, 2.051308, 1.781957, 1.795420, 2.403781, 1.643099, 1.771642, 2.300300, 1.800133, 1.792225, 2.022398, 1.768942, 1.741499, 2.136411, 1.746625, 1.707433, 2.413492, 1.817385, 1.775473, 1.884916, 1.942704, 1.684363, 2.505717, 1.674963, 1.749770, 2.021831, 2.113290, 1.697010, 2.189285, 2.017328, 1.702270, 2.092341, 2.145291, 1.672795, 2.130144, 1.954789, 1.688615, 2.053759, 2.016532, 1.662574, 2.424822, 1.756799, 1.721758, 2.036027, 2.257614, 1.614903, 1.920974, 1.932450, 1.661868, 2.053720, 2.342710, 1.580998, 2.109636, 2.314856, 1.615822, 2.240753, 2.096827, 1.623022, 1.886417, 2.198641, 1.601960, 1.860449, 2.407440, 1.544422, 2.062204, 2.119853, 1.620337, 2.153444, 2.587409, 1.512824, 2.194700, 2.171249, 1.610515, 2.004221, 2.260218, 1.565789, 1.861555, 2.011012, 1.615815, 2.074692, 2.549827, 1.502689, 1.990003, 2.289386, 1.555186, 1.938031, 2.154006, 1.590124, 1.981554, 2.100204, 1.592246, 2.002898, 2.263484, 1.569965, 1.940712, 2.513403, 1.494279, 2.060300, 2.264104, 1.572242, 1.887914, 2.639250, 1.483304, 1.860337, 2.512241, 1.486259, 1.880694, 2.243578, 1.645703, 1.823557, 2.436378, 1.554258, 1.980857, 2.317802, 1.677016, 1.777195, 2.281357, 1.672754, 1.954508, 2.422307, 1.602203, 1.751916, 1.968982, 1.748664, 1.816018, 2.342863, 1.833264, 1.777332, 2.541499, 1.767742, 1.851583, 2.389073, 1.924117, 1.749734, 2.645252, 1.644261, 1.777934, 2.346482, 1.784648, 1.727602, 2.501090, 1.933627, 1.761089, 2.392045, 1.990621, 1.718391, 2.397284, 2.139597, 1.726212, 2.248944, 2.124778, 1.678568, 2.040806, 2.581296, 1.646444, 2.553249, 1.829408, 1.705782, 2.226588, 2.366245, 1.647218, 2.072760, 2.349659, 1.610086, 1.976459, 2.222071, 1.619980, 2.063071, 1.887565, 1.664779, 2.310623, 2.018327, 1.664646, 1.982949, 2.121031, 1.624648, 2.226546, 1.880600, 1.675854, 2.249298, 2.427666, 1.584059, 2.452749, 1.820859, 1.684417, 2.236936, 2.186548, 1.617667, 2.095681, 2.500451, 1.522953, 2.298348, 2.277532, 1.599457, 2.097726, 2.092259, 1.599245, 2.046725, 2.345865, 1.559059, 2.158002, 2.911213, 1.404609, 2.038466, 2.232666, 1.570410, 1.967255, 2.503416, 1.487406, 1.918676, 2.353184, 1.532454, 1.999208, 2.015623, 1.630583, 1.925414, 2.559483, 1.478899, 2.032308, 2.434268, 1.582624, 1.922128, 2.278047, 1.570280, 1.884438, 2.772802, 1.502122, 1.915166, 2.412163, 1.614656, 1.937122, 2.162938, 1.697358, 1.845965, 2.480993, 1.628472, 1.829988, 2.544102, 1.625841, 1.850501, 2.202356, 1.748029, 1.792885, 2.328160, 1.746965, 1.814845, 2.256324, 1.887331, 1.810832, 2.626895, 1.735263, 1.807653, 2.167391, 1.780118, 1.734555, 2.234830, 1.970947, 1.767144, 2.361785, 1.797688, 1.732507, 2.358213, 1.892192, 1.746377, 2.171727, 2.316141, 1.682237, 2.423883, 2.021394, 1.732522, 2.233485, 2.316103, 1.654017, 2.384915, 2.017174, 1.712489, 2.447636, 1.990459, 1.679383, 2.256296, 2.140809, 1.672767, 2.302694, 1.928891, 1.671215, 